Some((
    red: 0.9584000,
    green: 0.9605913,
    blue: 0.9616000,
    alpha: 1.0,
))
