Some((
    red: 0.3843137,
    green: 0.6313725,
    blue: 0.7450980,
))
