Some((
    red: 0.0235294,
    green: 0.0431373,
    blue: 0.0549020,
    alpha: 1.0,
))
